0,401
0,400
0,399
0,398
0,397
0,396
0,395
0,394
0,393
0,392
35,3
35,2
0,391
35,1
35,0
0,390
34,5
0,389
0,388
34,4
34,3
34,2
34,1
34,0
0,387
0,386
0,385
33,4
33,3
33,2
33,1
33,0
0,384
0,278
0,319
0,318
32,3
32,2
32,1
32,0
31,3
31,2
31,1
31,0
0,317
0,316
30,4
30,3
30,2
0,283
0,243
30,1
30,0
29,3
29,2
0,9
29,1
29,0
28,52
28,51
28,50
28,49
28,48
28,47
28,46
28,45
28,44
28,43
28,42
28,41
28,40
28,39
28,38
28,37
28,36
28,35
10,222
10,124
10,238
10,154
10,142
10,198
10,26
10,10
10,3
11,6
8,16
8,17
8,8
